unit: [ms]

100

accumulator-only

seq	0.6989089889	0.6268650177	0.6342109991	
1	0.7207739982	0.7501870277	0.7802849868	
2	0.4423909995	0.4294129903	0.4197180097	
4	0.3490349918	0.3015790135	0.3179929918	
8	0.3013180103	0.2417560027	0.2419109951	
16	1.7393169692	1.1597150005	1.3991940068	
32	3.6560730077	4.3648201972	4.2890170589	
64	5.0562089309	5.9059560299	5.0664627925	
128	14.4727984443	22.7058194578	11.3818114623	

fpe2

seq	1.2170650298	1.1454309570	1.1698800372	
1	1.2618500041	1.2639999622	1.3352190144	
2	0.9508840158	0.8378910134	0.7409810205	
4	0.3789459879	0.3640539944	0.3627469996	
8	13.5704521090	0.2136700059	0.2120499994	
16	2.3669679649	1.6724700108	1.4464850537	
32	2.5583980605	2.3033609614	2.4625200313	
64	4.8442971893	4.8359208740	4.3174969032	
128	9.3788830563	10.5986874551	14.0346791595	

fpe4

seq	0.9600450285	0.9004430030	0.8441529935	
1	0.7913439767	0.8288500248	0.8216479910	
2	0.7822859916	0.7421809714	0.6374790100	
4	0.3335209913	0.3640170034	0.3693540057	
8	0.2495310036	0.2431760076	0.3705050040	
16	1.2666550465	1.2395939557	1.3168660225	
32	2.3181838915	2.1929109935	2.1531260572	
64	4.4522769749	4.3000341393	4.2230929248	
128	8.6015453562	9.8215825856	8.8874744251	

fpe8ee

seq	0.8597170236	0.8556860266	0.8530080086	
1	0.9362230194	0.9253550088	0.9257660131	
2	0.6728469743	0.6867300253	0.5118260160	
4	0.3020949953	0.2958239929	0.2968609915	
8	0.2359469945	0.2408760047	0.2475299989	
16	1.2073050020	1.2127920054	1.2232980225	
32	2.2910239641	2.3398580961	2.6132839266	
64	6.7722420208	4.7463001683	5.6092361920	
128	19.0155673772	11.6550475359	9.7838332877	

204800.txt

accumulator-only

seq	2168.0045127869	1900.3068208694	1872.8514909744	
1	1968.3579206467	1969.5103168488	1965.1826620102	
2	1356.5176725388	1311.9959831238	1325.2568244934	
4	977.1264791489	995.1838850975	974.1994142532	
8	896.5091705322	849.5770692825	888.3042931557	
16	762.8014683723	765.9924030304	732.4858903885	
32	707.7643275261	725.8779406548	716.4904475212	
64	706.1842083931	707.5881361961	693.7103867531	
128	705.3538560867	706.7289948463	696.3576078415	

fpe2

seq	1760.8680725098	1763.5787725449	1761.3011598587	
1	1889.4149065018	1889.4141912460	1890.5402421951	
2	1256.8961381912	1258.0723762512	1245.6121444702	
4	987.7904653549	895.4169750214	891.1550641060	
8	822.3692774773	827.2349834442	823.8952755928	
16	750.6288886070	806.2545657158	739.7679090500	
32	680.4912090302	693.2583451271	685.5156421661	
64	691.3222074509	688.1449818611	694.5754885674	
128	692.6509141922	699.7979283333	694.9372887611	

fpe4

seq	1933.3789348602	1931.6723346710	1922.7666854858	
1	2034.1277122498	2034.3592166901	2039.1321182251	
2	1361.6033792496	1359.5945835114	1367.2533035278	
4	987.1394634247	983.0778837204	986.5715503693	
8	875.8934140205	885.0324749947	891.0233974457	
16	731.0756444931	730.3369641304	738.7671470642	
32	706.1159610748	684.8132014275	698.6077427864	
64	703.6860585213	711.1103534698	691.4806962013	
128	726.2356281281	731.1350703239	743.1144714355	

fpe8ee

seq	1759.1993808746	1750.2605915070	1752.6285648346	
1	1879.9395561218	1880.0673484802	1881.5935850143	
2	1250.3849267960	1252.3765563965	1244.3079948425	
4	928.8212656975	896.0449695587	896.8889713287	
8	815.5293464661	814.3713474274	817.1316981316	
16	702.7552723885	703.8369178772	720.7782864571	
32	681.5835237503	676.4466762543	666.3923859596	
64	684.0267181396	682.3012232780	673.9389896393	
128	685.0017905235	683.6975216866	709.3154788017	

819200.txt

accumulator-only

seq	10065.7625198364	10061.6884231567	10061.8228912354	
1	10367.0978546143	10365.4623031616	10372.5500106812	
2	6405.2743911743	6354.7716140747	6422.9407310486	
4	5023.6921310425	5267.9672241211	5015.8748626709	
8	4797.3766326904	4816.2612915039	4805.6755065918	
16	4321.6719627380	4434.3514442444	4400.1955986023	
32	3752.7954578400	3730.9286594391	3762.9363536835	
64	3630.5012702942	3532.8750610352	3632.6417922974	
128	3422.0378398895	3479.2652130127	3438.2100105286	

fpe2

seq	9682.2080612183	9680.9549331665	9673.5544204712	
1	9946.7620849609	9948.4462738037	9944.9768066406	
2	6025.4063606262	5990.2772903442	6038.0911827087	
4	4488.6202812195	4445.9347724915	4976.4299392700	
8	4304.4962882996	4310.7385635376	4566.4124488831	
16	4259.9883079529	4168.3683395386	4189.5670890808	
32	3695.0325965881	3654.3314456940	3684.5986843109	
64	3574.6667385101	3628.0059814453	3634.4842910767	
128	3453.6728858948	3464.1788005829	3500.9934902191	

fpe4

seq	10400.8312225342	10392.8756713867	10408.0142974854	
1	10767.3244476318	10759.3841552734	10750.7009506226	
2	6282.4511528015	6249.3834495544	6247.9085922241	
4	4618.2928085327	4830.2230834961	4671.0648536682	
8	4770.9217071533	4885.3735923767	4925.9414672852	
16	4497.5614547729	4218.7480926514	4258.0485343933	
32	3708.3182334900	3697.1945762634	3639.9805545807	
64	3580.6849002838	3583.2712650299	3629.8007965088	
128	3484.8337173462	3446.5520381927	3437.0470046997	

fpe8ee

seq	9669.2276000977	9652.2216796875	9662.9190444946	
1	9940.7196044922	9925.7669448853	9941.8449401855	
2	6026.7095565796	6019.4683074951	6027.3022651672	
4	4268.2876586914	4280.6739807129	4258.0103874207	
8	4498.2228279114	4646.1253166199	4641.5801048279	
16	4420.9961891174	4286.7431640625	4197.9799270630	
32	3671.2262630463	3691.4227008820	3703.9618492126	
64	3609.8611354828	3612.3495101929	3590.5106067657	
128	3496.6692924500	3478.6767959595	3492.2142028809	

kdd_cup

accumulator-only

seq	11109.1299057007	11104.9871444702	11086.0462188721	
1	11605.0252914429	11602.7107238770	11596.1275100708	
2	8658.4167480469	8649.7812271118	8684.4186782837	
4	6312.0293617249	6567.4362182617	6203.3987045288	
8	5720.3483581543	5622.6854324341	5653.6111831665	
16	4780.9205055237	4772.8810310364	4997.6263046265	
32	4236.9403839111	4233.6750030518	4222.8717803955	
64	4015.0380134583	3965.2833938599	4025.6009101868	
128	3938.8356208801	3955.0781250000	4009.7923278809	

fpe2

seq	10656.2719345093	10635.7870101929	10638.8654708862	
1	11697.5307464600	11750.0705718994	12463.6917114258	
2	8369.9560165405	8238.4128570557	8150.0968933105	
4	5697.5803375244	5788.7115478516	5726.0437011719	
8	5011.6510391235	5085.1473808289	5019.3600654602	
16	4464.2100334167	4565.0405883789	4745.2497482300	
32	4155.5829048157	4213.6788368225	4197.7791786194	
64	4107.3246002197	4019.8893547058	3985.4173660278	
128	3908.8141918182	4011.9061470032	3977.6673316956	

fpe4

seq	11385.5676651001	11377.2106170654	11382.0858001709	
1	11963.1834030151	11964.8151397705	11959.1503143311	
2	9012.9108428955	8937.8747940063	9020.4782485962	
4	6875.7772445679	6314.6009445190	6312.2124671936	
8	5615.9992218018	5523.5910415649	5672.3074913025	
16	4639.8954391479	4664.1778945923	4672.6799011230	
32	4224.9808311462	4153.8395881653	4181.1857223511	
64	4059.9641799927	3964.0350341797	3939.5089149475	
128	3942.6548480988	3906.5401554108	3981.3017845154	

fpe8ee

seq	10607.5353622437	10579.3037414551	10584.8140716553	
1	11027.6689529419	11028.6931991577	11021.2297439575	
2	8189.3749237061	8194.5705413818	8204.2875289917	
4	5651.6098976135	5632.2054862976	5782.7825546265	
8	6338.7641906738	6994.1277503967	5593.5049057007	
16	4474.5779037476	4661.8905067444	4804.6369552612	
32	4180.3779602051	4163.0911827087	4221.3349342346	
64	4147.3903656006	4116.8241500854	4026.3648033142	
128	3903.5289287567	3928.7693500519	3910.0906848907	

