OCL first (dummy) setup time : 87.6840000000

unit: [ms]

n = 100

accumulator-only

46.3350000000	50.0970000000	48.5030000000	
45.0430000000	44.6250000000	44.2820000000	
44.3260000000	44.7250000000	44.4960000000	
45.1000000000	44.5460000000	44.8570000000	

n = 1000

accumulator-only

44.4890000000	44.1590000000	43.9740000000	
45.6190000000	44.5690000000	44.1640000000	
44.2270000000	45.3610000000	47.6750000000	
44.6340000000	45.6210000000	45.5430000000	

n = 10000

accumulator-only

46.9190000000	45.1580000000	45.1640000000	
44.6570000000	46.1500000000	44.9480000000	
45.1250000000	45.6820000000	45.3590000000	
46.4450000000	45.3850000000	45.9850000000	

n = 100000

accumulator-only

45.7740000000	46.8070000000	45.0450000000	
44.8170000000	44.5560000000	45.4280000000	
47.9310000000	45.7560000000	44.9820000000	
47.3330000000	44.9670000000	45.5320000000	

n = 1000000

accumulator-only

52.8610000000	52.3830000000	48.1020000000	
47.6030000000	47.2770000000	47.2390000000	
47.9150000000	47.6010000000	47.0340000000	
46.9880000000	47.0230000000	47.1130000000	

n = 10000000

accumulator-only

122.3920000000	120.0260000000	120.2130000000	
107.6880000000	108.2340000000	110.2450000000	
110.4640000000	108.5310000000	117.1770000000	
115.1040000000	112.0350000000	116.3940000000	

n = 100000000

accumulator-only

812.1470000000	788.5470000000	784.6550000000	
675.8700000000	676.2540000000	674.8350000000	
684.6640000000	759.0040000000	795.4750000000	
676.1590000000	674.9070000000	692.8150000000	

maxabs(e) = 10

accumulator-only

119.5320000000	118.1900000000	124.5160000000	
108.4070000000	109.7150000000	107.7960000000	
107.8320000000	107.8380000000	108.3580000000	
109.5650000000	110.5570000000	108.4310000000	

maxabs(e) = 25

accumulator-only

118.6910000000	119.1220000000	118.5330000000	
107.6450000000	107.5280000000	108.1130000000	
110.8030000000	107.9630000000	127.4250000000	
140.0830000000	133.3960000000	140.3300000000	

maxabs(e) = 40

accumulator-only

139.7240000000	134.3660000000	125.5830000000	
109.3750000000	116.1120000000	115.6710000000	
116.8510000000	114.3560000000	111.6110000000	
110.1480000000	126.9240000000	137.4030000000	

maxabs(e) = 55

accumulator-only

122.5160000000	124.6220000000	136.2120000000	
141.0780000000	124.6960000000	146.6240000000	
130.3910000000	111.7650000000	152.6330000000	
140.0440000000	115.4610000000	122.1650000000	

maxabs(e) = 70

accumulator-only

144.7250000000	128.2350000000	122.3260000000	
108.2060000000	109.1710000000	108.4690000000	
108.6470000000	108.4210000000	108.9450000000	
108.6330000000	107.8390000000	109.8980000000	

maxabs(e) = 85

accumulator-only

121.5050000000	122.1540000000	120.8910000000	
108.5710000000	108.0860000000	107.9190000000	
108.0530000000	108.8840000000	107.7420000000	
109.0550000000	108.7990000000	109.8730000000	

maxabs(e) = 100

accumulator-only

121.6480000000	122.3310000000	121.9100000000	
108.2150000000	108.2070000000	109.3310000000	
107.8630000000	108.5290000000	107.7970000000	
108.3120000000	107.9840000000	108.5270000000	

