unit: [ms]

n = 100

accumulator-only

seq		0.0090000000	0.0020000000	0.0010000000	
ExBLAS	1.4500000000	0.0500000000	0.0800000000	
1		0.0200000000	0.0060000000	0.0060000000	
2		0.0790000000	0.0790000000	0.0670000000	
4		0.1840000000	0.1110000000	0.0920000000	
8		0.5050000000	0.7100000000	0.8950000000	
16		0.6740000000	0.8150000000	0.8360000000	
32		1.5680000000	1.4200000000	1.4060000000	
64		3.7220000000	3.0190000000	3.6890000000	
128		6.4940000000	6.2650000000	6.4850000000	

fpe2

seq		0.0010000000	0.0010000000	0.0000000000	
ExBLAS	8.6260000000	0.0110000000	0.0090000000	
1		0.0080000000	0.0040000000	0.0050000000	
2		0.0600000000	0.0060000000	0.0290000000	
4		2.7420000000	0.1700000000	0.1060000000	
8		3.1100000000	0.4780000000	0.5940000000	
16		0.7720000000	0.8660000000	0.6310000000	
32		1.4070000000	1.8870000000	1.2500000000	
64		2.8930000000	2.7260000000	2.3480000000	
128		6.0960000000	5.5640000000	5.5810000000	

fpe4

seq		0.0020000000	0.0000000000	0.0000000000	
ExBLAS	0.0640000000	0.0100000000	0.0090000000	
1		0.0050000000	0.0040000000	0.0040000000	
2		14.2950000000	0.1170000000	0.1430000000	
4		0.2600000000	0.1890000000	0.1440000000	
8		0.4380000000	0.2820000000	0.3930000000	
16		0.7880000000	0.7270000000	0.1250000000	
32		1.1690000000	1.3240000000	1.1830000000	
64		2.9130000000	3.0250000000	2.2210000000	
128		5.3230000000	5.7820000000	5.7770000000	

fpe8ee

seq		0.0020000000	0.0010000000	0.0000000000	
ExBLAS	2.7520000000	0.0100000000	0.0090000000	
1		0.0050000000	0.0040000000	0.0030000000	
2		0.0300000000	0.0860000000	0.0730000000	
4		0.1990000000	0.1620000000	0.1380000000	
8		0.3880000000	0.3850000000	0.3000000000	
16		0.5960000000	0.6520000000	0.5720000000	
32		1.3840000000	1.5680000000	1.3250000000	
64		3.0790000000	3.2370000000	2.9920000000	
128		6.9540000000	5.3910000000	5.9430000000	

n = 1000

accumulator-only

seq		0.0100000000	0.0090000000	0.0090000000	
ExBLAS	0.1210000000	0.0310000000	0.0300000000	
1		0.0130000000	0.0280000000	0.0480000000	
2		0.0850000000	0.0870000000	0.0880000000	
4		0.2080000000	0.1690000000	0.1460000000	
8		0.2570000000	0.2590000000	0.2550000000	
16		0.4050000000	0.5400000000	0.5250000000	
32		1.3290000000	1.2580000000	1.3760000000	
64		6.7500000000	2.6210000000	4.1120000000	
128		5.1960000000	6.2960000000	6.1140000000	

fpe2

seq		0.0030000000	0.0010000000	0.0010000000	
ExBLAS	0.0330000000	0.0100000000	0.0090000000	
1		0.0080000000	0.0060000000	0.0070000000	
2		0.0530000000	0.0570000000	0.0370000000	
4		0.0950000000	0.0790000000	0.0770000000	
8		0.2860000000	0.3390000000	0.3380000000	
16		0.6510000000	0.6780000000	0.7880000000	
32		1.8220000000	1.6560000000	1.4810000000	
64		3.1400000000	3.3210000000	2.9790000000	
128		5.3990000000	5.4720000000	5.9270000000	

fpe4

seq		0.0040000000	0.0030000000	0.0030000000	
ExBLAS	0.0820000000	0.0100000000	0.0090000000	
1		0.0110000000	0.0080000000	0.0080000000	
2		0.0190000000	0.0190000000	0.0480000000	
4		0.0660000000	0.1090000000	0.0850000000	
8		0.2440000000	0.3290000000	0.3150000000	
16		0.6600000000	0.6060000000	0.5780000000	
32		1.3310000000	1.3380000000	1.4350000000	
64		2.8380000000	3.0890000000	2.9180000000	
128		5.5730000000	5.4680000000	5.9640000000	

fpe8ee

seq		0.0040000000	0.0030000000	0.0030000000	
ExBLAS	1.3910000000	0.0230000000	0.0090000000	
1		0.0070000000	0.0070000000	0.0050000000	
2		0.1330000000	0.0620000000	0.0660000000	
4		0.1480000000	0.1380000000	0.1050000000	
8		0.3120000000	0.2170000000	0.3410000000	
16		0.8310000000	0.9470000000	0.8370000000	
32		1.5180000000	1.5000000000	1.2200000000	
64		2.7750000000	2.9840000000	3.0640000000	
128		5.1760000000	5.8910000000	5.4320000000	

n = 10000

accumulator-only

seq		0.0950000000	0.0950000000	0.0940000000	
ExBLAS	0.0770000000	0.0790000000	0.0770000000	
1		0.1110000000	0.0950000000	0.1130000000	
2		0.1430000000	0.1050000000	0.1240000000	
4		0.2400000000	0.1410000000	0.1410000000	
8		0.3990000000	0.3610000000	0.2490000000	
16		0.6400000000	0.6340000000	0.7750000000	
32		1.3790000000	1.1230000000	1.2770000000	
64		2.5840000000	3.0680000000	3.0510000000	
128		5.3910000000	5.2440000000	5.1790000000	

fpe2

seq		0.0310000000	0.0310000000	0.0310000000	
ExBLAS	0.0410000000	0.0120000000	0.0110000000	
1		0.0310000000	0.0280000000	0.0280000000	
2		0.3580000000	0.0640000000	0.0280000000	
4		0.1030000000	0.1370000000	0.1360000000	
8		0.3210000000	0.2310000000	0.2280000000	
16		0.9090000000	0.6840000000	0.5490000000	
32		1.2800000000	1.0260000000	1.2680000000	
64		2.5840000000	2.4130000000	2.2660000000	
128		5.5620000000	6.0120000000	5.9950000000	

fpe4

seq		0.0590000000	0.0580000000	0.0580000000	
ExBLAS	4.3600000000	0.0220000000	0.0140000000	
1		0.0580000000	0.0500000000	0.0500000000	
2		0.0670000000	0.0530000000	0.0510000000	
4		0.1190000000	0.1080000000	0.1140000000	
8		0.5510000000	0.3360000000	0.2900000000	
16		0.5300000000	0.5030000000	0.7350000000	
32		1.4420000000	1.3500000000	1.2910000000	
64		3.5410000000	2.8660000000	2.6660000000	
128		4.5650000000	6.0330000000	5.8230000000	

fpe8ee

seq		0.0300000000	0.0290000000	0.0290000000	
ExBLAS	4.8000000000	0.0160000000	0.0110000000	
1		0.0260000000	0.0260000000	0.0260000000	
2		14.0870000000	0.0560000000	0.0420000000	
4		0.0910000000	0.1200000000	0.0750000000	
8		0.4520000000	0.2410000000	0.2430000000	
16		0.6890000000	0.8080000000	0.4770000000	
32		1.1800000000	1.2520000000	1.2650000000	
64		2.6150000000	3.0710000000	3.6040000000	
128		5.9520000000	5.8790000000	6.1590000000	

n = 100000

accumulator-only

seq		0.9900000000	0.9180000000	0.9180000000	
ExBLAS	0.3250000000	0.3320000000	0.3360000000	
1		0.9370000000	0.9230000000	0.9230000000	
2		0.6970000000	0.5850000000	0.5150000000	
4		0.4130000000	0.4180000000	0.4540000000	
8		0.5250000000	0.6030000000	0.5450000000	
16		0.9110000000	0.8190000000	0.8510000000	
32		1.4710000000	1.3180000000	1.5320000000	
64		2.7870000000	2.5430000000	2.8500000000	
128		5.4810000000	6.0950000000	6.0720000000	

fpe2

seq		0.2820000000	0.3000000000	0.3120000000	
ExBLAS	0.0940000000	0.0410000000	0.0400000000	
1		0.3330000000	0.3190000000	0.3150000000	
2		0.1870000000	0.1900000000	0.1760000000	
4		0.2050000000	0.1770000000	0.1700000000	
8		0.2650000000	0.2990000000	0.2100000000	
16		0.6260000000	0.6190000000	0.6730000000	
32		1.4250000000	1.2820000000	1.2750000000	
64		2.9450000000	2.7460000000	2.8730000000	
128		5.7060000000	6.4340000000	5.9240000000	

fpe4

seq		0.5830000000	0.5890000000	0.5720000000	
ExBLAS	0.1440000000	0.0670000000	0.0670000000	
1		0.4700000000	0.4640000000	0.4620000000	
2		0.7580000000	0.2860000000	0.2350000000	
4		0.2370000000	0.2210000000	0.1920000000	
8		0.3380000000	0.3270000000	0.3130000000	
16		0.6170000000	0.7420000000	0.5970000000	
32		1.3150000000	1.3010000000	1.3440000000	
64		2.8120000000	3.0150000000	3.1840000000	
128		5.3600000000	4.6990000000	5.6470000000	

fpe8ee

seq		0.1660000000	0.1520000000	0.1520000000	
ExBLAS	14.1530000000	3.3990000000	0.0380000000	
1		0.2960000000	0.3030000000	0.3030000000	
2		0.1740000000	0.1800000000	0.1120000000	
4		0.1290000000	0.2320000000	0.1760000000	
8		0.3670000000	0.3140000000	0.2780000000	
16		0.6050000000	0.8270000000	0.8300000000	
32		1.4910000000	1.3560000000	1.3040000000	
64		3.0760000000	3.1690000000	2.9030000000	
128		6.0880000000	5.2430000000	5.7660000000	

n = 1000000

accumulator-only

seq		8.6370000000	8.7610000000	8.6410000000	
ExBLAS	2.1140000000	2.1220000000	2.0950000000	
1		9.1100000000	8.7280000000	8.7530000000	
2		4.8230000000	4.7300000000	4.6710000000	
4		2.7160000000	2.7750000000	2.7080000000	
8		2.3230000000	2.2990000000	2.3230000000	
16		2.8410000000	2.5540000000	2.5520000000	
32		4.2840000000	3.2340000000	3.5080000000	
64		5.4880000000	5.9760000000	4.8820000000	
128		7.8260000000	7.1240000000	7.8660000000	

fpe2

seq		3.1620000000	2.2110000000	1.6750000000	
ExBLAS	0.4210000000	0.3650000000	0.3420000000	
1		2.5600000000	2.5480000000	2.5580000000	
2		7.2730000000	0.9480000000	0.9400000000	
4		0.5070000000	0.5370000000	0.5870000000	
8		0.7240000000	0.4870000000	0.7070000000	
16		0.9620000000	0.9060000000	0.9190000000	
32		1.5990000000	1.4440000000	1.6270000000	
64		3.1210000000	3.3930000000	3.3930000000	
128		6.0830000000	5.5160000000	6.1630000000	

fpe4

seq		5.8510000000	3.4940000000	3.3510000000	
ExBLAS	0.7660000000	0.6130000000	0.6100000000	
1		3.6690000000	3.5860000000	3.5820000000	
2		1.8440000000	1.8280000000	1.8700000000	
4		1.0330000000	1.0330000000	1.0140000000	
8		0.9620000000	0.9570000000	0.9480000000	
16		1.3390000000	1.3340000000	1.1890000000	
32		2.0350000000	1.9410000000	1.7680000000	
64		3.8070000000	3.2000000000	4.6390000000	
128		6.5240000000	6.7120000000	6.3130000000	

fpe8ee

seq		2.0730000000	1.6000000000	1.6500000000	
ExBLAS	0.4530000000	0.3260000000	0.3260000000	
1		1.6520000000	1.6370000000	1.6480000000	
2		0.9430000000	0.8520000000	0.8600000000	
4		0.5130000000	0.8630000000	0.5030000000	
8		0.6400000000	0.6900000000	0.6180000000	
16		0.9740000000	0.8330000000	0.9000000000	
32		1.6610000000	1.6480000000	1.9060000000	
64		3.8680000000	19.4960000000	9.7870000000	
128		6.1370000000	6.5240000000	6.3230000000	

n = 10000000

accumulator-only

seq		85.9980000000	86.4250000000	85.7790000000	
ExBLAS	19.7530000000	19.7310000000	19.7270000000	
1		87.7150000000	86.9200000000	86.3840000000	
2		46.7350000000	46.9340000000	47.2810000000	
4		25.4480000000	24.4600000000	24.5820000000	
8		19.4390000000	19.4020000000	20.7970000000	
16		20.0870000000	20.0860000000	19.6980000000	
32		21.5360000000	20.6960000000	21.1440000000	
64		23.1700000000	23.4980000000	22.9190000000	
128		27.2290000000	25.9450000000	24.9840000000	

fpe2

seq		16.2290000000	15.4230000000	15.4480000000	
ExBLAS	3.5550000000	3.4640000000	16.8660000000	
1		22.0140000000	22.3230000000	27.1520000000	
2		12.8120000000	8.6590000000	10.1020000000	
4		5.8320000000	7.0240000000	4.7190000000	
8		4.7470000000	6.1280000000	3.8620000000	
16		5.2280000000	5.6120000000	5.7120000000	
32		6.9890000000	4.8870000000	5.0210000000	
64		14.3810000000	6.3710000000	7.4540000000	
128		11.5640000000	8.9270000000	9.9810000000	

fpe4

seq		37.8950000000	36.0060000000	39.1140000000	
ExBLAS	7.0140000000	7.1250000000	7.2820000000	
1		37.9570000000	33.2000000000	32.6370000000	
2		17.3200000000	17.5180000000	17.2640000000	
4		9.2660000000	9.2210000000	9.2560000000	
8		6.7720000000	6.7830000000	6.8670000000	
16		6.9520000000	6.9700000000	10.5290000000	
32		9.9280000000	7.5260000000	8.2120000000	
64		10.2830000000	9.8060000000	9.5220000000	
128		11.5290000000	12.9220000000	12.0900000000	

fpe8ee

seq		17.2770000000	16.6780000000	15.3490000000	
ExBLAS	3.4260000000	3.2950000000	3.2890000000	
1		20.5300000000	15.2920000000	15.1210000000	
2		8.2190000000	8.1060000000	8.2300000000	
4		4.4610000000	4.4340000000	4.4870000000	
8		3.8510000000	3.7180000000	3.8490000000	
16		5.3830000000	4.4570000000	4.7260000000	
32		5.2370000000	5.5910000000	4.5920000000	
64		5.7920000000	5.6890000000	6.3270000000	
128		8.5610000000	9.5790000000	9.2420000000	

n = 100000000

accumulator-only

seq		871.9140000000	853.2530000000	863.2260000000	
ExBLAS	196.1090000000	195.9720000000	196.0350000000	
1		854.6850000000	863.5480000000	861.8150000000	
2		459.9250000000	459.7310000000	458.8600000000	
4		240.6070000000	241.6110000000	241.3980000000	
8		189.4230000000	189.4730000000	189.2280000000	
16		189.7330000000	194.6160000000	195.0270000000	
32		199.9690000000	190.5670000000	191.3940000000	
64		200.2060000000	198.4830000000	210.6640000000	
128		203.2430000000	198.3020000000	205.0430000000	

fpe2

seq		152.8360000000	152.4150000000	151.8010000000	
ExBLAS	34.7420000000	35.5680000000	34.5990000000	
1		151.0350000000	151.1480000000	151.3990000000	
2		81.9700000000	82.1110000000	84.6840000000	
4		43.2960000000	43.2680000000	43.1210000000	
8		35.0200000000	34.9670000000	35.0610000000	
16		35.5990000000	35.6300000000	35.5750000000	
32		41.5820000000	42.1080000000	41.8980000000	
64		38.9850000000	38.8110000000	40.3280000000	
128		41.7890000000	42.1420000000	43.3130000000	

fpe4

seq		319.2150000000	309.1190000000	310.5940000000	
ExBLAS	60.9000000000	61.7960000000	60.7420000000	
1		328.5070000000	323.8030000000	322.7140000000	
2		171.7960000000	181.9500000000	171.7010000000	
4		90.9750000000	90.5070000000	90.5130000000	
8		63.3290000000	63.3110000000	63.4560000000	
16		86.4570000000	63.3430000000	64.7350000000	
32		71.8090000000	80.4280000000	88.9020000000	
64		66.7420000000	72.0880000000	72.4950000000	
128		70.3770000000	77.8040000000	75.9990000000	

fpe8ee

seq		151.1270000000	199.9480000000	191.0120000000	
ExBLAS	38.9310000000	34.9290000000	33.0250000000	
1		160.5780000000	154.8820000000	151.1570000000	
2		80.7660000000	83.6270000000	80.9720000000	
4		42.8600000000	42.7290000000	42.7120000000	
8		33.8400000000	33.7980000000	33.2050000000	
16		34.2060000000	40.5230000000	35.5900000000	
32		39.5520000000	40.2490000000	43.3920000000	
64		39.6470000000	37.3950000000	36.9600000000	
128		41.9810000000	42.1340000000	41.5630000000	

maxabs(e) = 10

accumulator-only

seq		86.0580000000	85.7910000000	86.2460000000	
ExBLAS	19.7400000000	19.7160000000	19.7970000000	
1		87.1930000000	87.2380000000	87.4370000000	
2		46.5250000000	47.0060000000	46.7630000000	
4		24.7570000000	24.5970000000	24.7760000000	
8		19.5510000000	19.4480000000	19.2830000000	
16		20.0160000000	20.1050000000	19.9590000000	
32		20.5590000000	20.9150000000	24.5420000000	
64		24.6180000000	24.1710000000	24.6300000000	
128		27.4530000000	25.2090000000	25.4320000000	

fpe2

seq		16.8470000000	15.6530000000	15.4370000000	
ExBLAS	3.5830000000	3.4710000000	3.4450000000	
1		15.2850000000	15.4130000000	15.2760000000	
2		8.1290000000	8.2560000000	8.2790000000	
4		4.5040000000	4.5210000000	4.4240000000	
8		4.0230000000	3.9690000000	3.6850000000	
16		4.1120000000	4.4040000000	4.5650000000	
32		5.1580000000	5.0030000000	4.8160000000	
64		6.2800000000	5.8350000000	6.1830000000	
128		9.3870000000	9.8120000000	9.7260000000	

fpe4

seq		35.6860000000	31.8420000000	30.8620000000	
ExBLAS	6.1780000000	6.0670000000	6.0700000000	
1		34.8370000000	32.7400000000	32.2330000000	
2		17.2430000000	17.3110000000	17.2220000000	
4		9.3270000000	9.3010000000	9.6580000000	
8		6.8850000000	6.8380000000	6.9940000000	
16		9.3620000000	7.1330000000	7.2740000000	
32		9.1310000000	8.6690000000	10.0370000000	
64		9.3560000000	9.7210000000	9.6470000000	
128		13.5290000000	11.7800000000	11.1970000000	

fpe8ee

seq		19.3360000000	16.2830000000	15.1290000000	
ExBLAS	3.4170000000	3.2890000000	3.2860000000	
1		14.9640000000	15.1690000000	15.1400000000	
2		8.2030000000	8.1520000000	8.2650000000	
4		4.6140000000	4.4480000000	4.5190000000	
8		3.7460000000	3.5810000000	3.6040000000	
16		4.1800000000	5.4550000000	4.4450000000	
32		5.1150000000	4.9480000000	5.1940000000	
64		5.7880000000	6.1130000000	5.7300000000	
128		8.8530000000	8.7690000000	11.6010000000	

maxabs(e) = 25

accumulator-only

seq		97.2700000000	97.2910000000	97.1270000000	
ExBLAS	22.2660000000	21.8370000000	21.8780000000	
1		97.3050000000	99.3930000000	97.2010000000	
2		52.8520000000	52.3220000000	52.3010000000	
4		27.6780000000	27.8660000000	27.9420000000	
8		20.7080000000	20.7190000000	20.3580000000	
16		21.1110000000	21.0420000000	21.0570000000	
32		22.6860000000	26.7310000000	23.8810000000	
64		24.4820000000	24.1270000000	23.7690000000	
128		28.6000000000	28.1130000000	26.3340000000	

fpe2

seq		17.2860000000	15.4450000000	15.3040000000	
ExBLAS	3.5830000000	3.4770000000	3.4530000000	
1		15.3640000000	15.3250000000	15.3670000000	
2		8.2300000000	8.2620000000	8.2850000000	
4		4.5200000000	4.4950000000	4.4130000000	
8		3.7760000000	3.7720000000	3.8590000000	
16		4.1840000000	4.6070000000	4.2110000000	
32		4.7760000000	4.7230000000	4.7500000000	
64		6.2150000000	6.3410000000	6.2050000000	
128		9.3300000000	9.6480000000	9.4910000000	

fpe4

seq		34.8460000000	31.4590000000	31.0140000000	
ExBLAS	6.1920000000	6.0500000000	6.0760000000	
1		33.2440000000	32.3210000000	32.4000000000	
2		17.9830000000	17.5210000000	17.4590000000	
4		9.2360000000	9.2470000000	9.3930000000	
8		7.0460000000	6.6750000000	6.6900000000	
16		7.1730000000	9.2760000000	8.4960000000	
32		9.1880000000	9.3840000000	9.4610000000	
64		8.5750000000	8.7700000000	9.5630000000	
128		12.2750000000	12.4640000000	12.5730000000	

fpe8ee

seq		18.7390000000	15.6100000000	15.2860000000	
ExBLAS	3.4270000000	3.3120000000	3.3950000000	
1		15.1010000000	19.5680000000	15.1060000000	
2		8.2240000000	8.2010000000	8.1570000000	
4		4.4350000000	4.4760000000	4.5290000000	
8		3.7810000000	7.0000000000	3.7060000000	
16		4.9870000000	4.3320000000	4.2720000000	
32		5.3500000000	5.1660000000	5.0780000000	
64		5.9460000000	6.1220000000	6.2220000000	
128		9.0810000000	9.4260000000	9.5870000000	

maxabs(e) = 40

accumulator-only

seq		144.6280000000	142.9390000000	142.8550000000	
ExBLAS	26.9120000000	26.7810000000	26.6090000000	
1		143.2300000000	168.2630000000	168.6830000000	
2		87.3730000000	78.8190000000	76.9780000000	
4		41.3560000000	40.7360000000	40.6060000000	
8		26.1680000000	26.1910000000	26.1670000000	
16		26.5360000000	26.3740000000	26.3100000000	
32		27.2630000000	27.3650000000	27.8430000000	
64		29.8240000000	30.7160000000	31.3010000000	
128		35.2560000000	34.0190000000	32.5560000000	

fpe2

seq		56.5880000000	56.3400000000	55.6480000000	
ExBLAS	7.9440000000	7.8420000000	7.8490000000	
1		57.3400000000	55.6850000000	55.8670000000	
2		26.7580000000	26.5380000000	27.1280000000	
4		13.5410000000	13.6410000000	13.6100000000	
8		8.3060000000	8.3170000000	8.4280000000	
16		7.9150000000	10.7330000000	11.1020000000	
32		10.4030000000	11.1630000000	9.0000000000	
64		8.7930000000	8.8680000000	9.1930000000	
128		11.6630000000	11.0540000000	11.2560000000	

fpe4

seq		34.5530000000	31.1330000000	31.0370000000	
ExBLAS	8.8520000000	6.0880000000	6.0690000000	
1		32.7420000000	32.3500000000	33.2790000000	
2		17.4210000000	17.1680000000	17.3590000000	
4		9.3270000000	9.2710000000	9.2430000000	
8		6.5960000000	6.7080000000	6.9700000000	
16		8.4940000000	7.2010000000	7.2180000000	
32		9.1040000000	9.1390000000	9.2730000000	
64		11.4310000000	9.9080000000	9.2450000000	
128		11.7890000000	12.0550000000	12.2970000000	

fpe8ee

seq		33.1130000000	29.4180000000	29.2310000000	
ExBLAS	5.4770000000	5.3960000000	5.3510000000	
1		29.9660000000	29.7300000000	29.5860000000	
2		16.3650000000	16.3190000000	16.3530000000	
4		8.9290000000	8.8810000000	8.8650000000	
8		6.2180000000	5.8420000000	5.9500000000	
16		6.2800000000	6.0350000000	6.4230000000	
32		7.0760000000	7.2750000000	7.0850000000	
64		8.9730000000	8.5550000000	7.4080000000	
128		10.8770000000	10.3750000000	10.6850000000	

maxabs(e) = 55

accumulator-only

seq		169.4670000000	167.4640000000	168.8330000000	
ExBLAS	29.2830000000	29.2500000000	29.2420000000	
1		167.3920000000	167.5210000000	168.1900000000	
2		89.7400000000	89.7530000000	89.9890000000	
4		47.4890000000	47.4170000000	47.2650000000	
8		28.9650000000	28.9810000000	29.1680000000	
16		29.3780000000	29.4950000000	30.1770000000	
32		37.0590000000	40.3520000000	36.0160000000	
64		31.2140000000	32.1500000000	32.1880000000	
128		37.1870000000	37.4440000000	36.7450000000	

fpe2

seq		121.3450000000	119.5350000000	120.7590000000	
ExBLAS	19.8310000000	19.7020000000	19.7100000000	
1		122.7130000000	126.1940000000	121.9860000000	
2		64.3300000000	64.1910000000	64.0380000000	
4		32.9400000000	33.0780000000	33.0850000000	
8		20.4630000000	19.9760000000	20.0270000000	
16		20.0110000000	20.4190000000	27.6130000000	
32		26.5830000000	23.8340000000	25.1250000000	
64		24.2920000000	23.0590000000	20.8390000000	
128		23.8880000000	23.9600000000	25.4060000000	

fpe4

seq		33.1350000000	31.0340000000	30.8510000000	
ExBLAS	6.3880000000	6.0790000000	6.0730000000	
1		32.4590000000	32.4290000000	32.1440000000	
2		17.4130000000	17.2300000000	17.2720000000	
4		9.2290000000	9.2220000000	9.2260000000	
8		6.8330000000	6.6090000000	6.7290000000	
16		7.1720000000	7.2430000000	7.2390000000	
32		8.9230000000	8.2180000000	8.0710000000	
64		10.4830000000	9.8890000000	10.1920000000	
128		12.4390000000	11.5490000000	12.2690000000	

fpe8ee

seq		35.9270000000	24.3660000000	24.2880000000	
ExBLAS	4.8930000000	4.7740000000	4.7590000000	
1		29.0100000000	24.7140000000	24.9170000000	
2		13.2860000000	13.1020000000	13.0710000000	
4		7.0640000000	6.9900000000	7.0300000000	
8		5.2480000000	5.1530000000	5.0250000000	
16		5.5690000000	5.6010000000	5.5470000000	
32		6.8220000000	6.2890000000	6.7390000000	
64		8.1520000000	7.8300000000	7.1250000000	
128		10.7490000000	10.0320000000	10.8650000000	

maxabs(e) = 70

accumulator-only

seq		146.4920000000	146.4680000000	146.2080000000	
ExBLAS	27.0900000000	27.0880000000	27.2300000000	
1		147.0070000000	155.3990000000	171.3320000000	
2		87.4040000000	90.6670000000	83.2120000000	
4		41.7300000000	41.3040000000	41.3120000000	
8		33.3610000000	26.7140000000	26.5340000000	
16		26.9830000000	36.6830000000	27.2750000000	
32		33.2610000000	32.2950000000	32.5400000000	
64		30.1810000000	30.0370000000	30.1030000000	
128		36.0300000000	33.8830000000	32.8300000000	

fpe2

seq		137.0370000000	134.4420000000	134.3810000000	
ExBLAS	23.1500000000	23.0490000000	22.9810000000	
1		135.6280000000	137.6570000000	136.3420000000	
2		73.1400000000	72.5460000000	73.0260000000	
4		38.6290000000	38.1030000000	38.4380000000	
8		23.6050000000	24.3100000000	23.7140000000	
16		32.8800000000	24.0080000000	23.8940000000	
32		24.9140000000	28.2440000000	25.1320000000	
64		26.7010000000	28.4290000000	26.1970000000	
128		29.3770000000	30.6050000000	30.3710000000	

fpe4

seq		33.5880000000	30.8660000000	31.3900000000	
ExBLAS	6.2030000000	6.3970000000	6.1230000000	
1		32.6900000000	32.3410000000	32.8240000000	
2		17.4990000000	17.5540000000	17.4180000000	
4		9.3360000000	9.2150000000	9.2510000000	
8		6.8920000000	6.8040000000	6.8810000000	
16		7.2290000000	7.0970000000	7.1270000000	
32		7.8910000000	7.8900000000	8.2160000000	
64		10.8560000000	10.1240000000	9.3620000000	
128		13.1610000000	11.6510000000	12.3030000000	

fpe8ee

seq		42.6680000000	36.8690000000	36.7570000000	
ExBLAS	7.1170000000	7.0020000000	7.0070000000	
1		36.8470000000	37.1060000000	37.2060000000	
2		20.2180000000	20.2080000000	20.1910000000	
4		10.9950000000	10.9220000000	10.9150000000	
8		7.6390000000	8.3850000000	7.5610000000	
16		8.3010000000	8.1560000000	8.1010000000	
32		10.3930000000	10.2870000000	11.3900000000	
64		11.3830000000	10.2850000000	9.9550000000	
128		13.0210000000	12.4690000000	12.4910000000	

maxabs(e) = 85

accumulator-only

seq		150.0820000000	150.6370000000	149.4100000000	
ExBLAS	27.4560000000	27.2810000000	27.3010000000	
1		149.6990000000	151.2500000000	155.0870000000	
2		80.5900000000	80.1700000000	81.8870000000	
4		42.3560000000	42.3940000000	42.2970000000	
8		26.7620000000	27.0410000000	27.1490000000	
16		27.2240000000	27.3790000000	27.4550000000	
32		28.3400000000	28.4470000000	28.6100000000	
64		30.1820000000	31.3170000000	32.0900000000	
128		34.4440000000	34.8950000000	32.2590000000	

fpe2

seq		138.1670000000	137.3170000000	136.2660000000	
ExBLAS	24.1100000000	24.0460000000	24.0050000000	
1		139.8840000000	140.1240000000	140.9740000000	
2		75.1900000000	74.5820000000	75.0230000000	
4		40.6530000000	39.1580000000	39.4210000000	
8		24.8460000000	25.1060000000	24.9880000000	
16		25.3130000000	34.5390000000	33.7950000000	
32		31.1060000000	30.1680000000	25.5270000000	
64		30.4690000000	29.9420000000	30.5630000000	
128		30.2390000000	31.4820000000	31.3680000000	

fpe4

seq		46.0510000000	43.6280000000	44.7180000000	
ExBLAS	6.6740000000	6.5150000000	6.5130000000	
1		46.4240000000	45.4200000000	46.8760000000	
2		22.8790000000	22.8490000000	22.6420000000	
4		10.9320000000	11.0480000000	10.8860000000	
8		7.3190000000	7.0850000000	7.4710000000	
16		7.4380000000	7.2080000000	7.3650000000	
32		8.3570000000	8.6500000000	8.7160000000	
64		10.6210000000	9.2410000000	9.0560000000	
128		12.8420000000	12.9770000000	12.1560000000	

fpe8ee

seq		44.1020000000	41.0370000000	41.3120000000	
ExBLAS	6.9760000000	6.8550000000	6.8530000000	
1		45.2670000000	41.4020000000	41.2790000000	
2		21.1530000000	21.5180000000	21.2860000000	
4		10.5620000000	10.7390000000	10.6750000000	
8		7.2010000000	7.4490000000	7.2170000000	
16		7.5160000000	7.4440000000	9.6650000000	
32		10.7950000000	8.3690000000	8.1680000000	
64		9.1820000000	9.9830000000	9.0120000000	
128		12.9540000000	12.6230000000	11.9360000000	

maxabs(e) = 100

accumulator-only

seq		171.2920000000	172.2890000000	170.8050000000	
ExBLAS	29.5980000000	29.5840000000	29.6090000000	
1		171.5120000000	170.8000000000	171.2350000000	
2		93.5360000000	91.2970000000	92.1530000000	
4		48.2530000000	48.2530000000	48.1120000000	
8		29.5200000000	29.3920000000	29.4200000000	
16		30.0570000000	29.8090000000	29.5830000000	
32		30.9990000000	30.6670000000	36.4810000000	
64		33.2060000000	36.1580000000	35.7930000000	
128		37.5110000000	37.9390000000	34.9520000000	

fpe2

seq		155.6860000000	186.9500000000	185.1310000000	
ExBLAS	34.3920000000	30.5480000000	26.7340000000	
1		163.1400000000	157.9960000000	157.7070000000	
2		86.2370000000	84.7670000000	85.0340000000	
4		44.5200000000	44.4480000000	44.6150000000	
8		27.3830000000	27.5640000000	27.6820000000	
16		37.5380000000	36.1080000000	27.4150000000	
32		33.9720000000	33.6710000000	33.4730000000	
64		32.4150000000	32.5470000000	32.2750000000	
128		34.8610000000	32.3300000000	36.6580000000	

fpe4

seq		98.0410000000	97.1910000000	96.7890000000	
ExBLAS	16.1470000000	15.6970000000	15.4710000000	
1		98.9370000000	98.6120000000	98.8100000000	
2		51.8090000000	51.5940000000	51.5460000000	
4		26.2690000000	26.4100000000	26.1260000000	
8		15.5840000000	15.9260000000	15.6800000000	
16		15.4990000000	15.3600000000	21.1090000000	
32		24.1020000000	18.8140000000	15.1930000000	
64		16.5100000000	15.9880000000	17.2600000000	
128		21.3450000000	19.2040000000	20.6420000000	

fpe8ee

seq		53.3330000000	46.8350000000	46.6610000000	
ExBLAS	8.8730000000	8.6350000000	8.5820000000	
1		47.4440000000	47.0580000000	46.8620000000	
2		25.7480000000	25.8020000000	25.2910000000	
4		13.6040000000	13.5370000000	13.6480000000	
8		8.8860000000	9.0420000000	8.9150000000	
16		9.3730000000	9.4690000000	9.2800000000	
32		10.1030000000	10.5560000000	10.3620000000	
64		13.1230000000	12.0370000000	13.7840000000	
128		14.7330000000	17.0520000000	15.8860000000	

