unit: [ms]

bcsstk32.mtx

nz_count_len = 44609
accumulator-only

seq	38.0114763975	32.2384387255	32.2185680270	
1	31.8543165922	31.5709598362	31.6108912230	
2	20.4448793083	20.3336346895	20.2081445605	
4	11.1086759716	11.0502513126	11.1104231328	
8	8.8526019827	8.7659265846	9.0221036226	
16	10.4940384626	7.4189058505	8.0854240805	
32	9.6096321940	8.9127561077	8.0780237913	
64	9.2990538105	9.9187390879	9.2635527253	
128	10.3605026379	10.3209838271	8.8364500552	

fpe2

seq	28.5968463868	23.5047005117	25.4249591380	
1	24.8712748289	24.1049453616	23.6854497343	
2	16.7161785066	14.3703334033	13.9838811010	
4	7.5119961984	7.4476650916	7.4314619415	
8	6.2268078327	6.0924850404	6.1045289040	
16	6.2197069637	6.2202299014	6.3289138488	
32	6.2648328021	6.2247589231	7.5976001099	
64	7.2766370140	6.6159581766	7.2109028697	
128	7.8174825758	7.1735801175	9.0834330767	

fpe4

seq	31.8353958428	26.6343094409	26.8003288656	
1	27.2218119353	27.1737631410	27.2734872997	
2	19.0248284489	16.6203733534	16.5166910738	
4	8.9085428044	8.8735651225	8.8520515710	
8	6.8973777816	6.8945838138	6.8678190000	
16	7.1616182104	6.8383631296	7.1849850938	
32	7.7845281921	7.5863590464	7.5193378143	
64	8.3860522136	6.9733350538	7.2414488532	
128	7.7748438343	7.6114041731	9.5094284043	

fpe8ee

seq	27.0742811263	24.9528437853	31.2935747206	
1	35.3069044650	24.8412974179	24.7218236327	
2	16.8330334127	14.7994970903	22.1701934934	
4	12.7392439172	11.6570899263	13.0474772304	
8	9.7961947322	6.3670198433	6.3004069962	
16	10.9780775383	7.0147318766	6.0922978446	
32	7.0220609196	8.2137836143	6.9912690669	
64	7.3857661337	7.2698858567	7.9564554617	
128	8.6893979460	7.7754152007	8.0934260041	

fidapm05.mtx

nz_count_len = 42
accumulator-only

seq	0.0254129991	0.0217640008	0.0206840014	
1	0.0243729992	0.0238190005	0.0231049999	
2	0.0224989999	0.0170419989	0.0400300014	
4	0.0152310004	0.0142680001	0.0142030003	
8	1.5898980200	0.0111239997	0.0087609997	
16	0.1146639988	0.1778930018	0.1374440035	
32	0.1979289955	0.1994380000	0.2048619936	
64	0.3250100126	0.4252819926	0.4679789999	
128	0.9117440204	0.7892259746	0.9675750043	

fpe2

seq	0.0315470024	0.0301609998	0.0281550001	
1	0.0327169982	0.0270519995	0.0264650007	
2	0.0180780007	0.0164119992	0.0242059996	
4	0.0186149991	0.0154909994	0.0138529995	
8	0.0150460000	0.0094760007	0.0088229999	
16	0.0999600015	0.0924560009	0.1060009963	
32	0.2050920011	0.1946459961	0.1806560031	
64	0.4006050003	0.3895169939	0.4170390021	
128	0.9361879784	0.9522060282	0.7613120251	

fpe4

seq	0.0307090013	0.0275439997	0.0263460006	
1	0.0288490010	0.0284250000	0.0279999986	
2	0.0257950014	0.0450049993	0.1080250004	
4	0.0184380006	0.0159449992	0.0153280016	
8	0.0132329997	0.0094950001	0.0091169995	
16	0.1013389992	0.0800199996	0.0999390031	
32	0.2209719969	0.2086040040	0.1999280066	
64	0.4562649992	0.4542309907	0.4015880113	
128	0.9183849907	0.8079099935	0.7965789991	

fpe8ee

seq	0.0355099983	0.0294439997	0.0256500007	
1	0.0283970003	0.0277090003	0.0273340011	
2	0.0352130010	0.0404730017	0.0505360003	
4	0.0185669996	0.0146419998	0.0150819997	
8	0.0140210004	0.0080979999	0.0090650001	
16	0.1058999987	0.1014840018	0.0923379994	
32	0.2084070002	0.2095649979	0.2270169934	
64	0.4763290053	0.4349189985	0.3784369910	
128	0.7578880177	0.7095690235	0.7407939993	

jgl009.mtx

nz_count_len = 9
accumulator-only

seq	0.0042419997	0.0035439998	0.0034310006	
1	0.0065470003	0.0061829996	0.0060550001	
2	0.0094779998	0.0109090006	0.0228379995	
4	0.0063429998	0.0055729997	0.0052770001	
8	0.0073730007	0.0055189994	0.0052219993	
16	0.0949020032	0.0895100020	0.0913390031	
32	0.2160779986	0.1857290044	0.1794470008	
64	0.2803129901	0.3835000098	0.4361619940	
128	1.0295000393	0.5639779847	0.9436769760	

fpe2

seq	0.0068420004	0.0051309999	0.0050050003	
1	0.0084229996	0.0072149996	0.0068520003	
2	0.0117660002	0.0072590001	0.0069589996	
4	0.0077269997	0.0059539998	0.0081760008	
8	0.0082669994	0.0054749999	0.0053970007	
16	0.0787419995	0.0822080037	0.0803540024	
32	0.2231490071	0.1738760038	0.1562260004	
64	0.3832129878	0.4071170115	0.3850490029	
128	0.7696510293	0.7929899730	0.6954189739	

fpe4

seq	0.0073199999	0.0040579998	0.0066559996	
1	0.0086989994	0.0085829997	0.0071410004	
2	0.0077499999	0.0066339999	0.0062139998	
4	0.0100479992	0.0207949997	0.0220130005	
8	0.0076729993	0.0055709997	0.0053130007	
16	0.0913839976	0.0992770001	0.0878470019	
32	0.2187200007	0.1705180039	0.2080749982	
64	0.4074999888	0.2384060062	0.5211500102	
128	0.8403219981	0.8102920256	0.7526910049	

fpe8ee

seq	0.0077999994	0.0052450005	0.0042430001	
1	0.0079140000	0.0072600005	0.0070370006	
2	0.0118059997	0.0093109993	0.0178589999	
4	0.0077470004	0.0060760003	0.0086139999	
8	0.0079620004	0.0056150002	0.0054680004	
16	0.0946849977	0.1119410008	0.0943689956	
32	0.1690549980	0.1817239972	0.1991690078	
64	0.6999790203	0.3779490071	0.3705399868	
128	0.7328300271	0.9181339992	0.7757489802	

